2.50663 -2.39274 -2.36166 -2.33897 -2.31516 -2.30241 -2.29569 -2.26774 -2.24961 -2.24215 -2.23681 
2.13022 -2.40081 -2.33823 -2.3287 -2.32479 -2.304 -2.28992 -2.27011 -2.26134 -2.25005 -2.24064 
1.86833 -2.40815 -2.3429 -2.3332 -2.31814 -2.29829 -2.28607 -2.27248 -2.26095 -2.25803 -2.24495 
1.77245 -2.4226 -2.35469 -2.32943 -2.32079 -2.29598 -2.29321 -2.27031 -2.26205 -2.2527 -2.25075 
1.86833 -2.40815 -2.3429 -2.3332 -2.31814 -2.29829 -2.28607 -2.27248 -2.26095 -2.25803 -2.24495 
2.13022 -2.40081 -2.33823 -2.3287 -2.32479 -2.304 -2.28992 -2.27011 -2.26134 -2.25005 -2.24064 
2.13022 -2.40081 -2.33823 -2.3287 -2.32479 -2.304 -2.28992 -2.27011 -2.26134 -2.25005 -2.24064 
1.67109 -2.42071 -2.3527 -2.3316 -2.3243 -2.30776 -2.29565 -2.28633 -2.27899 -2.25862 -2.25004 
1.32111 -2.42047 -2.33675 -2.32671 -2.31692 -2.29515 -2.28609 -2.26943 -2.26422 -2.25707 -2.24495 
1.18164 -2.40555 -2.35419 -2.32974 -2.31912 -2.30947 -2.28435 -2.27385 -2.26704 -2.25492 -2.24912 
1.32111 -2.42047 -2.33675 -2.32671 -2.31692 -2.29515 -2.28609 -2.26943 -2.26422 -2.25707 -2.24495 
1.67109 -2.42071 -2.3527 -2.3316 -2.3243 -2.30776 -2.29565 -2.28633 -2.27899 -2.25862 -2.25004 
1.86833 -2.40815 -2.3429 -2.3332 -2.31814 -2.29829 -2.28607 -2.27248 -2.26095 -2.25803 -2.24495 
1.32111 -2.42047 -2.33675 -2.32671 -2.31692 -2.29515 -2.28609 -2.26943 -2.26422 -2.25707 -2.24495 
0.835543 -2.37897 -2.35075 -2.3316 -2.31058 -2.29582 -2.28109 -2.27111 -2.26509 -2.25434 -2.24529 
0.590818 -2.36667 -2.34831 -2.33857 -2.30939 -2.29579 -2.27959 -2.27115 -2.26402 -2.25604 -2.23859 
0.835543 -2.37897 -2.35075 -2.3316 -2.31058 -2.29582 -2.28109 -2.27111 -2.26509 -2.25434 -2.24529 
1.32111 -2.42047 -2.33675 -2.32671 -2.31692 -2.29515 -2.28609 -2.26943 -2.26422 -2.25707 -2.24495 
1.77245 -2.4226 -2.35469 -2.32943 -2.32079 -2.29598 -2.29321 -2.27031 -2.26205 -2.2527 -2.25075 
1.18164 -2.40555 -2.35419 -2.32974 -2.31912 -2.30947 -2.28435 -2.27385 -2.26875 -2.26704 -2.25492 
0.590818 -2.36667 -2.34831 -2.33857 -2.30939 -2.29579 -2.27959 -2.27115 -2.26875 -2.26402 -2.25604 
0 -2.48561 -2.37155 -2.3474 -2.34591 -2.32514 -2.30505 -2.28061 -2.27926 -2.27559 -2.26443 
0.590818 -2.36667 -2.34831 -2.33857 -2.30939 -2.29579 -2.27959 -2.27115 -2.26875 -2.26402 -2.25604 
1.18164 -2.40555 -2.35419 -2.32974 -2.31912 -2.30947 -2.28435 -2.27385 -2.26875 -2.26704 -2.25492 
1.86833 -2.40815 -2.3429 -2.3332 -2.31814 -2.29829 -2.28607 -2.27248 -2.26095 -2.25803 -2.24495 
1.32111 -2.42047 -2.33675 -2.32671 -2.31692 -2.29515 -2.28609 -2.26943 -2.26422 -2.25707 -2.24495 
0.835543 -2.37897 -2.35075 -2.3316 -2.31058 -2.29582 -2.28109 -2.27111 -2.26509 -2.25434 -2.24529 
0.590818 -2.36667 -2.34831 -2.33857 -2.30939 -2.29579 -2.27959 -2.27115 -2.26402 -2.25604 -2.23859 
0.835543 -2.37897 -2.35075 -2.3316 -2.31058 -2.29582 -2.28109 -2.27111 -2.26509 -2.25434 -2.24529 
1.32111 -2.42047 -2.33675 -2.32671 -2.31692 -2.29515 -2.28609 -2.26943 -2.26422 -2.25707 -2.24495 
2.13022 -2.40081 -2.33823 -2.3287 -2.32479 -2.304 -2.28992 -2.27011 -2.26134 -2.25005 -2.24064 
1.67109 -2.42071 -2.3527 -2.3316 -2.3243 -2.30776 -2.29565 -2.28633 -2.27899 -2.25862 -2.25004 
1.32111 -2.42047 -2.33675 -2.32671 -2.31692 -2.29515 -2.28609 -2.26943 -2.26422 -2.25707 -2.24495 
1.18164 -2.40555 -2.35419 -2.32974 -2.31912 -2.30947 -2.28435 -2.27385 -2.26704 -2.25492 -2.24912 
1.32111 -2.42047 -2.33675 -2.32671 -2.31692 -2.29515 -2.28609 -2.26943 -2.26422 -2.25707 -2.24495 
1.67109 -2.42071 -2.3527 -2.3316 -2.3243 -2.30776 -2.29565 -2.28633 -2.27899 -2.25862 -2.25004 
2.50663 -2.39274 -2.36166 -2.33897 -2.31516 -2.30241 -2.29569 -2.26774 -2.24961 -2.24215 -2.23681 
2.13022 -2.40081 -2.33823 -2.3287 -2.32479 -2.304 -2.28992 -2.27011 -2.26134 -2.25005 -2.24064 
1.86833 -2.40815 -2.3429 -2.3332 -2.31814 -2.29829 -2.28607 -2.27248 -2.26095 -2.25803 -2.24495 
1.77245 -2.4226 -2.35469 -2.32943 -2.32079 -2.29598 -2.29321 -2.27031 -2.26205 -2.2527 -2.25075 
1.86833 -2.40815 -2.3429 -2.3332 -2.31814 -2.29829 -2.28607 -2.27248 -2.26095 -2.25803 -2.24495 
2.13022 -2.40081 -2.33823 -2.3287 -2.32479 -2.304 -2.28992 -2.27011 -2.26134 -2.25005 -2.24064 
2.13022 -2.40081 -2.33823 -2.3287 -2.32479 -2.304 -2.28992 -2.27011 -2.26134 -2.25005 -2.24064 
1.67109 -2.42071 -2.3527 -2.3316 -2.3243 -2.30776 -2.29565 -2.28633 -2.27899 -2.25862 -2.25004 
1.32111 -2.42047 -2.33675 -2.32671 -2.31692 -2.29515 -2.28609 -2.26943 -2.26422 -2.25707 -2.24495 
1.18164 -2.40555 -2.35419 -2.32974 -2.31912 -2.30947 -2.28435 -2.27385 -2.26704 -2.25492 -2.24912 
1.32111 -2.42047 -2.33675 -2.32671 -2.31692 -2.29515 -2.28609 -2.26943 -2.26422 -2.25707 -2.24495 
1.67109 -2.42071 -2.3527 -2.3316 -2.3243 -2.30776 -2.29565 -2.28633 -2.27899 -2.25862 -2.25004 
1.86833 -2.40815 -2.3429 -2.3332 -2.31814 -2.29829 -2.28607 -2.27248 -2.26095 -2.25803 -2.24495 
1.32111 -2.42047 -2.33675 -2.32671 -2.31692 -2.29515 -2.28609 -2.26943 -2.26422 -2.25707 -2.24495 
0.835543 -2.37897 -2.35075 -2.3316 -2.31058 -2.29582 -2.28109 -2.27111 -2.26509 -2.25434 -2.24529 
0.590818 -2.36667 -2.34831 -2.33857 -2.30939 -2.29579 -2.27959 -2.27115 -2.26402 -2.25604 -2.23859 
0.835543 -2.37897 -2.35075 -2.3316 -2.31058 -2.29582 -2.28109 -2.27111 -2.26509 -2.25434 -2.24529 
1.32111 -2.42047 -2.33675 -2.32671 -2.31692 -2.29515 -2.28609 -2.26943 -2.26422 -2.25707 -2.24495 
1.77245 -2.4226 -2.35469 -2.32943 -2.32079 -2.29598 -2.29321 -2.27031 -2.26205 -2.2527 -2.25075 
1.18164 -2.40555 -2.35419 -2.32974 -2.31912 -2.30947 -2.28435 -2.27385 -2.26875 -2.26704 -2.25492 
0.590818 -2.36667 -2.34831 -2.33857 -2.30939 -2.29579 -2.27959 -2.27115 -2.26875 -2.26402 -2.25604 
0 -2.48561 -2.37155 -2.3474 -2.34591 -2.32514 -2.30505 -2.28061 -2.27926 -2.27559 -2.26443 
0.590818 -2.36667 -2.34831 -2.33857 -2.30939 -2.29579 -2.27959 -2.27115 -2.26875 -2.26402 -2.25604 
1.18164 -2.40555 -2.35419 -2.32974 -2.31912 -2.30947 -2.28435 -2.27385 -2.26875 -2.26704 -2.25492 
1.86833 -2.40815 -2.3429 -2.3332 -2.31814 -2.29829 -2.28607 -2.27248 -2.26095 -2.25803 -2.24495 
1.32111 -2.42047 -2.33675 -2.32671 -2.31692 -2.29515 -2.28609 -2.26943 -2.26422 -2.25707 -2.24495 
0.835543 -2.37897 -2.35075 -2.3316 -2.31058 -2.29582 -2.28109 -2.27111 -2.26509 -2.25434 -2.24529 
0.590818 -2.36667 -2.34831 -2.33857 -2.30939 -2.29579 -2.27959 -2.27115 -2.26402 -2.25604 -2.23859 
0.835543 -2.37897 -2.35075 -2.3316 -2.31058 -2.29582 -2.28109 -2.27111 -2.26509 -2.25434 -2.24529 
1.32111 -2.42047 -2.33675 -2.32671 -2.31692 -2.29515 -2.28609 -2.26943 -2.26422 -2.25707 -2.24495 
2.13022 -2.40081 -2.33823 -2.3287 -2.32479 -2.304 -2.28992 -2.27011 -2.26134 -2.25005 -2.24064 
1.67109 -2.42071 -2.3527 -2.3316 -2.3243 -2.30776 -2.29565 -2.28633 -2.27899 -2.25862 -2.25004 
1.32111 -2.42047 -2.33675 -2.32671 -2.31692 -2.29515 -2.28609 -2.26943 -2.26422 -2.25707 -2.24495 
1.18164 -2.40555 -2.35419 -2.32974 -2.31912 -2.30947 -2.28435 -2.27385 -2.26704 -2.25492 -2.24912 
1.32111 -2.42047 -2.33675 -2.32671 -2.31692 -2.29515 -2.28609 -2.26943 -2.26422 -2.25707 -2.24495 
1.67109 -2.42071 -2.3527 -2.3316 -2.3243 -2.30776 -2.29565 -2.28633 -2.27899 -2.25862 -2.25004 
2.50663 -2.39274 -2.36166 -2.33897 -2.31516 -2.30241 -2.29569 -2.26774 -2.24961 -2.24215 -2.23681 
2.13022 -2.40081 -2.33823 -2.3287 -2.32479 -2.304 -2.28992 -2.27011 -2.26134 -2.25005 -2.24064 
1.86833 -2.40815 -2.3429 -2.3332 -2.31814 -2.29829 -2.28607 -2.27248 -2.26095 -2.25803 -2.24495 
1.77245 -2.4226 -2.35469 -2.32943 -2.32079 -2.29598 -2.29321 -2.27031 -2.26205 -2.2527 -2.25075 
1.86833 -2.40815 -2.3429 -2.3332 -2.31814 -2.29829 -2.28607 -2.27248 -2.26095 -2.25803 -2.24495 
2.13022 -2.40081 -2.33823 -2.3287 -2.32479 -2.304 -2.28992 -2.27011 -2.26134 -2.25005 -2.24064 
2.13022 -2.40081 -2.33823 -2.3287 -2.32479 -2.304 -2.28992 -2.27011 -2.26134 -2.25005 -2.24064 
1.67109 -2.42071 -2.3527 -2.3316 -2.3243 -2.30776 -2.29565 -2.28633 -2.27899 -2.25862 -2.25004 
1.32111 -2.42047 -2.33675 -2.32671 -2.31692 -2.29515 -2.28609 -2.26943 -2.26422 -2.25707 -2.24495 
1.18164 -2.40555 -2.35419 -2.32974 -2.31912 -2.30947 -2.28435 -2.27385 -2.26704 -2.25492 -2.24912 
1.32111 -2.42047 -2.33675 -2.32671 -2.31692 -2.29515 -2.28609 -2.26943 -2.26422 -2.25707 -2.24495 
1.67109 -2.42071 -2.3527 -2.3316 -2.3243 -2.30776 -2.29565 -2.28633 -2.27899 -2.25862 -2.25004 
1.86833 -2.40815 -2.3429 -2.3332 -2.31814 -2.29829 -2.28607 -2.27248 -2.26095 -2.25803 -2.24495 
1.32111 -2.42047 -2.33675 -2.32671 -2.31692 -2.29515 -2.28609 -2.26943 -2.26422 -2.25707 -2.24495 
0.835543 -2.37897 -2.35075 -2.3316 -2.31058 -2.29582 -2.28109 -2.27111 -2.26509 -2.25434 -2.24529 
0.590818 -2.36667 -2.34831 -2.33857 -2.30939 -2.29579 -2.27959 -2.27115 -2.26402 -2.25604 -2.23859 
0.835543 -2.37897 -2.35075 -2.3316 -2.31058 -2.29582 -2.28109 -2.27111 -2.26509 -2.25434 -2.24529 
1.32111 -2.42047 -2.33675 -2.32671 -2.31692 -2.29515 -2.28609 -2.26943 -2.26422 -2.25707 -2.24495 
1.77245 -2.4226 -2.35469 -2.32943 -2.32079 -2.29598 -2.29321 -2.27031 -2.26205 -2.2527 -2.25075 
1.18164 -2.40555 -2.35419 -2.32974 -2.31912 -2.30947 -2.28435 -2.27385 -2.26875 -2.26704 -2.25492 
0.590818 -2.36667 -2.34831 -2.33857 -2.30939 -2.29579 -2.27959 -2.27115 -2.26875 -2.26402 -2.25604 
0 -2.48561 -2.37155 -2.3474 -2.34591 -2.32514 -2.30505 -2.28061 -2.27926 -2.27559 -2.26443 
0.590818 -2.36667 -2.34831 -2.33857 -2.30939 -2.29579 -2.27959 -2.27115 -2.26875 -2.26402 -2.25604 
1.18164 -2.40555 -2.35419 -2.32974 -2.31912 -2.30947 -2.28435 -2.27385 -2.26875 -2.26704 -2.25492 
1.86833 -2.40815 -2.3429 -2.3332 -2.31814 -2.29829 -2.28607 -2.27248 -2.26095 -2.25803 -2.24495 
1.32111 -2.42047 -2.33675 -2.32671 -2.31692 -2.29515 -2.28609 -2.26943 -2.26422 -2.25707 -2.24495 
0.835543 -2.37897 -2.35075 -2.3316 -2.31058 -2.29582 -2.28109 -2.27111 -2.26509 -2.25434 -2.24529 
0.590818 -2.36667 -2.34831 -2.33857 -2.30939 -2.29579 -2.27959 -2.27115 -2.26402 -2.25604 -2.23859 
0.835543 -2.37897 -2.35075 -2.3316 -2.31058 -2.29582 -2.28109 -2.27111 -2.26509 -2.25434 -2.24529 
1.32111 -2.42047 -2.33675 -2.32671 -2.31692 -2.29515 -2.28609 -2.26943 -2.26422 -2.25707 -2.24495 
2.13022 -2.40081 -2.33823 -2.3287 -2.32479 -2.304 -2.28992 -2.27011 -2.26134 -2.25005 -2.24064 
1.67109 -2.42071 -2.3527 -2.3316 -2.3243 -2.30776 -2.29565 -2.28633 -2.27899 -2.25862 -2.25004 
1.32111 -2.42047 -2.33675 -2.32671 -2.31692 -2.29515 -2.28609 -2.26943 -2.26422 -2.25707 -2.24495 
1.18164 -2.40555 -2.35419 -2.32974 -2.31912 -2.30947 -2.28435 -2.27385 -2.26704 -2.25492 -2.24912 
1.32111 -2.42047 -2.33675 -2.32671 -2.31692 -2.29515 -2.28609 -2.26943 -2.26422 -2.25707 -2.24495 
1.67109 -2.42071 -2.3527 -2.3316 -2.3243 -2.30776 -2.29565 -2.28633 -2.27899 -2.25862 -2.25004 
